30530648
31820734
31018141
38539015
33763704
32572264
31002671
33309739
21057496
27716510
34059805
34941412
33879573
35440059
33879573
29462153
29794063
25939354
30322904
36879017
35419551
31501549
23042784
22219169
20670891
20385583
19723310
20602769
26566685
38030723
30498128
20485568
21613409
31076851
37169753
39800688
36510023
38177678
36539615
37871105
35235788
27799057
30820472
31666070
34686734
22384383
34033742
33589615
31792364
29576475
39762647
32084358
38977847
25493933
31125107
26749252
39587714
30333487
33743111
35172154
32025611
31136284
26740022
37989753
39838364
39367016
36650381
35511946
38641753
38287646
36840360
36544018
36840360
39637179
35767948
31801092
38909241
36544018
32384151
26280576
38379415
29550329
19211887
36803569
30320226
35920937
37958987
25340342
37277533
24223949
